{
 "cells": [
  {
   "cell_type": "markdown",
   "metadata": {},
   "source": [
    "# Performing Principal Component Analysis (PCA) - Lab\n",
    "\n",
    "## Introduction\n",
    "\n",
    "Now that you have a high-level overview of PCA, as well as some of the details of the algorithm itself, it's time to practice implementing PCA on your own using the NumPy package. \n",
    "\n",
    "## Objectives\n",
    "\n",
    "You will be able to:\n",
    "    \n",
    "* Implement PCA from scratch using NumPy"
   ]
  },
  {
   "cell_type": "markdown",
   "metadata": {},
   "source": [
    "## Import the data\n",
    "\n",
    "- Import the data stored in the file `'foodusa.csv'` (set `index_col=0`)\n",
    "- Print the first five rows of the DataFrame "
   ]
  },
  {
   "cell_type": "code",
   "execution_count": 6,
   "metadata": {},
   "outputs": [
    {
     "data": {
      "text/html": [
       "<div>\n",
       "<style scoped>\n",
       "    .dataframe tbody tr th:only-of-type {\n",
       "        vertical-align: middle;\n",
       "    }\n",
       "\n",
       "    .dataframe tbody tr th {\n",
       "        vertical-align: top;\n",
       "    }\n",
       "\n",
       "    .dataframe thead th {\n",
       "        text-align: right;\n",
       "    }\n",
       "</style>\n",
       "<table border=\"1\" class=\"dataframe\">\n",
       "  <thead>\n",
       "    <tr style=\"text-align: right;\">\n",
       "      <th></th>\n",
       "      <th>Bread</th>\n",
       "      <th>Burger</th>\n",
       "      <th>Milk</th>\n",
       "      <th>Oranges</th>\n",
       "      <th>Tomatoes</th>\n",
       "    </tr>\n",
       "    <tr>\n",
       "      <th>City</th>\n",
       "      <th></th>\n",
       "      <th></th>\n",
       "      <th></th>\n",
       "      <th></th>\n",
       "      <th></th>\n",
       "    </tr>\n",
       "  </thead>\n",
       "  <tbody>\n",
       "    <tr>\n",
       "      <th>ATLANTA</th>\n",
       "      <td>24.5</td>\n",
       "      <td>94.5</td>\n",
       "      <td>73.9</td>\n",
       "      <td>80.1</td>\n",
       "      <td>41.6</td>\n",
       "    </tr>\n",
       "    <tr>\n",
       "      <th>BALTIMORE</th>\n",
       "      <td>26.5</td>\n",
       "      <td>91.0</td>\n",
       "      <td>67.5</td>\n",
       "      <td>74.6</td>\n",
       "      <td>53.3</td>\n",
       "    </tr>\n",
       "    <tr>\n",
       "      <th>BOSTON</th>\n",
       "      <td>29.7</td>\n",
       "      <td>100.8</td>\n",
       "      <td>61.4</td>\n",
       "      <td>104.0</td>\n",
       "      <td>59.6</td>\n",
       "    </tr>\n",
       "    <tr>\n",
       "      <th>BUFFALO</th>\n",
       "      <td>22.8</td>\n",
       "      <td>86.6</td>\n",
       "      <td>65.3</td>\n",
       "      <td>118.4</td>\n",
       "      <td>51.2</td>\n",
       "    </tr>\n",
       "    <tr>\n",
       "      <th>CHICAGO</th>\n",
       "      <td>26.7</td>\n",
       "      <td>86.7</td>\n",
       "      <td>62.7</td>\n",
       "      <td>105.9</td>\n",
       "      <td>51.2</td>\n",
       "    </tr>\n",
       "  </tbody>\n",
       "</table>\n",
       "</div>"
      ],
      "text/plain": [
       "           Bread  Burger  Milk  Oranges  Tomatoes\n",
       "City                                             \n",
       "ATLANTA     24.5    94.5  73.9     80.1      41.6\n",
       "BALTIMORE   26.5    91.0  67.5     74.6      53.3\n",
       "BOSTON      29.7   100.8  61.4    104.0      59.6\n",
       "BUFFALO     22.8    86.6  65.3    118.4      51.2\n",
       "CHICAGO     26.7    86.7  62.7    105.9      51.2"
      ]
     },
     "execution_count": 6,
     "metadata": {},
     "output_type": "execute_result"
    }
   ],
   "source": [
    "import pandas as pd\n",
    "import numpy as np\n",
    "\n",
    "data = pd.read_csv('foodusa.csv', index_col=0)\n",
    "data.head()"
   ]
  },
  {
   "cell_type": "markdown",
   "metadata": {},
   "source": [
    "## Normalize the data\n",
    "\n",
    "Next, normalize your data by subtracting the mean from each of the columns."
   ]
  },
  {
   "cell_type": "code",
   "execution_count": 7,
   "metadata": {},
   "outputs": [
    {
     "data": {
      "text/html": [
       "<div>\n",
       "<style scoped>\n",
       "    .dataframe tbody tr th:only-of-type {\n",
       "        vertical-align: middle;\n",
       "    }\n",
       "\n",
       "    .dataframe tbody tr th {\n",
       "        vertical-align: top;\n",
       "    }\n",
       "\n",
       "    .dataframe thead th {\n",
       "        text-align: right;\n",
       "    }\n",
       "</style>\n",
       "<table border=\"1\" class=\"dataframe\">\n",
       "  <thead>\n",
       "    <tr style=\"text-align: right;\">\n",
       "      <th></th>\n",
       "      <th>Bread</th>\n",
       "      <th>Burger</th>\n",
       "      <th>Milk</th>\n",
       "      <th>Oranges</th>\n",
       "      <th>Tomatoes</th>\n",
       "    </tr>\n",
       "    <tr>\n",
       "      <th>City</th>\n",
       "      <th></th>\n",
       "      <th></th>\n",
       "      <th></th>\n",
       "      <th></th>\n",
       "      <th></th>\n",
       "    </tr>\n",
       "  </thead>\n",
       "  <tbody>\n",
       "    <tr>\n",
       "      <th>ATLANTA</th>\n",
       "      <td>-0.791304</td>\n",
       "      <td>2.643478</td>\n",
       "      <td>11.604348</td>\n",
       "      <td>-22.891304</td>\n",
       "      <td>-7.165217</td>\n",
       "    </tr>\n",
       "    <tr>\n",
       "      <th>BALTIMORE</th>\n",
       "      <td>1.208696</td>\n",
       "      <td>-0.856522</td>\n",
       "      <td>5.204348</td>\n",
       "      <td>-28.391304</td>\n",
       "      <td>4.534783</td>\n",
       "    </tr>\n",
       "    <tr>\n",
       "      <th>BOSTON</th>\n",
       "      <td>4.408696</td>\n",
       "      <td>8.943478</td>\n",
       "      <td>-0.895652</td>\n",
       "      <td>1.008696</td>\n",
       "      <td>10.834783</td>\n",
       "    </tr>\n",
       "    <tr>\n",
       "      <th>BUFFALO</th>\n",
       "      <td>-2.491304</td>\n",
       "      <td>-5.256522</td>\n",
       "      <td>3.004348</td>\n",
       "      <td>15.408696</td>\n",
       "      <td>2.434783</td>\n",
       "    </tr>\n",
       "    <tr>\n",
       "      <th>CHICAGO</th>\n",
       "      <td>1.408696</td>\n",
       "      <td>-5.156522</td>\n",
       "      <td>0.404348</td>\n",
       "      <td>2.908696</td>\n",
       "      <td>2.434783</td>\n",
       "    </tr>\n",
       "  </tbody>\n",
       "</table>\n",
       "</div>"
      ],
      "text/plain": [
       "              Bread    Burger       Milk    Oranges   Tomatoes\n",
       "City                                                          \n",
       "ATLANTA   -0.791304  2.643478  11.604348 -22.891304  -7.165217\n",
       "BALTIMORE  1.208696 -0.856522   5.204348 -28.391304   4.534783\n",
       "BOSTON     4.408696  8.943478  -0.895652   1.008696  10.834783\n",
       "BUFFALO   -2.491304 -5.256522   3.004348  15.408696   2.434783\n",
       "CHICAGO    1.408696 -5.156522   0.404348   2.908696   2.434783"
      ]
     },
     "execution_count": 7,
     "metadata": {},
     "output_type": "execute_result"
    }
   ],
   "source": [
    "data = data - data.mean()\n",
    "data.head()"
   ]
  },
  {
   "cell_type": "markdown",
   "metadata": {},
   "source": [
    "## Calculate the covariance matrix\n",
    "\n",
    "The next step is to calculate the covariance matrix for your normalized data. "
   ]
  },
  {
   "cell_type": "code",
   "execution_count": 12,
   "metadata": {
    "scrolled": false
   },
   "outputs": [
    {
     "data": {
      "text/plain": [
       "array([[  6.2844664 ,  12.91096838,   5.71905138,   1.31037549,\n",
       "          7.28513834],\n",
       "       [ 12.91096838,  57.07711462,  17.50752964,  22.69187747,\n",
       "         36.29478261],\n",
       "       [  5.71905138,  17.50752964,  48.30588933,  -0.27503953,\n",
       "         13.44347826],\n",
       "       [  1.31037549,  22.69187747,  -0.27503953, 202.75628458,\n",
       "         38.76241107],\n",
       "       [  7.28513834,  36.29478261,  13.44347826,  38.76241107,\n",
       "         57.80055336]])"
      ]
     },
     "execution_count": 12,
     "metadata": {},
     "output_type": "execute_result"
    }
   ],
   "source": [
    "cov_mat = np.cov(data.T)\n",
    "cov_mat"
   ]
  },
  {
   "cell_type": "markdown",
   "metadata": {},
   "source": [
    "## Calculate the eigenvectors\n",
    "\n",
    "Next, calculate the eigenvectors and eigenvalues for your covariance matrix. "
   ]
  },
  {
   "cell_type": "code",
   "execution_count": 14,
   "metadata": {},
   "outputs": [],
   "source": [
    "eig_values, eig_vectors = np.linalg.eig(cov_mat)"
   ]
  },
  {
   "cell_type": "code",
   "execution_count": 17,
   "metadata": {},
   "outputs": [
    {
     "data": {
      "text/plain": [
       "array([218.99867893,  91.72316894,   3.02922934,  20.81054128,\n",
       "        37.66268981])"
      ]
     },
     "execution_count": 17,
     "metadata": {},
     "output_type": "execute_result"
    }
   ],
   "source": [
    "eig_values"
   ]
  },
  {
   "cell_type": "code",
   "execution_count": 16,
   "metadata": {},
   "outputs": [
    {
     "data": {
      "text/plain": [
       "array([[-0.02848905, -0.16532108, -0.96716354, -0.18972574,  0.02135748],\n",
       "       [-0.2001224 , -0.63218494,  0.24877074, -0.65862454,  0.25420475],\n",
       "       [-0.0416723 , -0.44215032,  0.03606094,  0.10765906, -0.88874949],\n",
       "       [-0.93885906,  0.31435473, -0.01521357, -0.06904699, -0.12135003],\n",
       "       [-0.27558389, -0.52791603, -0.03429221,  0.71684022,  0.36100184]])"
      ]
     },
     "execution_count": 16,
     "metadata": {},
     "output_type": "execute_result"
    }
   ],
   "source": [
    "eig_vectors"
   ]
  },
  {
   "cell_type": "markdown",
   "metadata": {},
   "source": [
    "## Sort the eigenvectors \n",
    "\n",
    "Great! Now that you have the eigenvectors and their associated eigenvalues, sort the eigenvectors based on their eigenvalues to determine primary components!"
   ]
  },
  {
   "cell_type": "code",
   "execution_count": 19,
   "metadata": {},
   "outputs": [
    {
     "data": {
      "text/plain": [
       "array([0, 1, 4, 3, 2])"
      ]
     },
     "execution_count": 19,
     "metadata": {},
     "output_type": "execute_result"
    }
   ],
   "source": [
    "# Get the index values of the sorted eigenvalues\n",
    "e_indices = np.argsort(eig_values)[::-1]\n",
    "\n",
    "e_indices"
   ]
  },
  {
   "cell_type": "code",
   "execution_count": 20,
   "metadata": {},
   "outputs": [
    {
     "data": {
      "text/plain": [
       "array([[-0.02848905, -0.16532108,  0.02135748, -0.18972574, -0.96716354],\n",
       "       [-0.2001224 , -0.63218494,  0.25420475, -0.65862454,  0.24877074],\n",
       "       [-0.0416723 , -0.44215032, -0.88874949,  0.10765906,  0.03606094],\n",
       "       [-0.93885906,  0.31435473, -0.12135003, -0.06904699, -0.01521357],\n",
       "       [-0.27558389, -0.52791603,  0.36100184,  0.71684022, -0.03429221]])"
      ]
     },
     "execution_count": 20,
     "metadata": {},
     "output_type": "execute_result"
    }
   ],
   "source": [
    "# Sort \n",
    "eigenvectors_sorted = eig_vectors[:, e_indices]\n",
    "eigenvectors_sorted"
   ]
  },
  {
   "cell_type": "markdown",
   "metadata": {},
   "source": [
    "## Reprojecting the data\n",
    "\n",
    "Finally, reproject the dataset using your eigenvectors. Reproject this dataset down to 2 dimensions."
   ]
  },
  {
   "cell_type": "code",
   "execution_count": 24,
   "metadata": {
    "scrolled": true
   },
   "outputs": [
    {
     "data": {
      "text/plain": [
       "array([[-0.02848905, -0.16532108],\n",
       "       [-0.2001224 , -0.63218494],\n",
       "       [-0.0416723 , -0.44215032],\n",
       "       [-0.93885906,  0.31435473],\n",
       "       [-0.27558389, -0.52791603]])"
      ]
     },
     "execution_count": 24,
     "metadata": {},
     "output_type": "execute_result"
    }
   ],
   "source": [
    "# Getting the first 2 eigenvectors\n",
    "pca_2 = eigenvectors_sorted[:, :2]\n",
    "pca_2"
   ]
  },
  {
   "cell_type": "code",
   "execution_count": 33,
   "metadata": {
    "scrolled": false
   },
   "outputs": [
    {
     "data": {
      "text/html": [
       "<div>\n",
       "<style scoped>\n",
       "    .dataframe tbody tr th:only-of-type {\n",
       "        vertical-align: middle;\n",
       "    }\n",
       "\n",
       "    .dataframe tbody tr th {\n",
       "        vertical-align: top;\n",
       "    }\n",
       "\n",
       "    .dataframe thead th {\n",
       "        text-align: right;\n",
       "    }\n",
       "</style>\n",
       "<table border=\"1\" class=\"dataframe\">\n",
       "  <thead>\n",
       "    <tr style=\"text-align: right;\">\n",
       "      <th></th>\n",
       "      <th>0</th>\n",
       "      <th>1</th>\n",
       "    </tr>\n",
       "    <tr>\n",
       "      <th>City</th>\n",
       "      <th></th>\n",
       "      <th></th>\n",
       "    </tr>\n",
       "  </thead>\n",
       "  <tbody>\n",
       "    <tr>\n",
       "      <th>ATLANTA</th>\n",
       "      <td>22.476271</td>\n",
       "      <td>-10.084571</td>\n",
       "    </tr>\n",
       "    <tr>\n",
       "      <th>BALTIMORE</th>\n",
       "      <td>25.325818</td>\n",
       "      <td>-13.278372</td>\n",
       "    </tr>\n",
       "    <tr>\n",
       "      <th>BOSTON</th>\n",
       "      <td>-5.810981</td>\n",
       "      <td>-11.389537</td>\n",
       "    </tr>\n",
       "    <tr>\n",
       "      <th>BUFFALO</th>\n",
       "      <td>-14.139856</td>\n",
       "      <td>5.965021</td>\n",
       "    </tr>\n",
       "    <tr>\n",
       "      <th>CHICAGO</th>\n",
       "      <td>-2.426889</td>\n",
       "      <td>2.477207</td>\n",
       "    </tr>\n",
       "    <tr>\n",
       "      <th>CINCINNATI</th>\n",
       "      <td>2.165798</td>\n",
       "      <td>-6.663567</td>\n",
       "    </tr>\n",
       "    <tr>\n",
       "      <th>CLEVELAND</th>\n",
       "      <td>-5.788540</td>\n",
       "      <td>10.243124</td>\n",
       "    </tr>\n",
       "    <tr>\n",
       "      <th>DALLAS</th>\n",
       "      <td>-10.757365</td>\n",
       "      <td>12.621018</td>\n",
       "    </tr>\n",
       "    <tr>\n",
       "      <th>DETROIT</th>\n",
       "      <td>-7.185310</td>\n",
       "      <td>3.994880</td>\n",
       "    </tr>\n",
       "    <tr>\n",
       "      <th>HONALULU</th>\n",
       "      <td>-35.597059</td>\n",
       "      <td>-14.789443</td>\n",
       "    </tr>\n",
       "    <tr>\n",
       "      <th>HOUSTON</th>\n",
       "      <td>-2.003468</td>\n",
       "      <td>8.403846</td>\n",
       "    </tr>\n",
       "    <tr>\n",
       "      <th>KANSAS CITY</th>\n",
       "      <td>3.936386</td>\n",
       "      <td>2.643342</td>\n",
       "    </tr>\n",
       "    <tr>\n",
       "      <th>LOS ANGELES</th>\n",
       "      <td>22.626969</td>\n",
       "      <td>3.138735</td>\n",
       "    </tr>\n",
       "    <tr>\n",
       "      <th>MILWAUKEE</th>\n",
       "      <td>-8.737376</td>\n",
       "      <td>6.066383</td>\n",
       "    </tr>\n",
       "    <tr>\n",
       "      <th>MINNEAPOLIS</th>\n",
       "      <td>-2.973768</td>\n",
       "      <td>4.417981</td>\n",
       "    </tr>\n",
       "    <tr>\n",
       "      <th>NEW YORK</th>\n",
       "      <td>-11.940210</td>\n",
       "      <td>-20.410290</td>\n",
       "    </tr>\n",
       "    <tr>\n",
       "      <th>PHILADELPHIA</th>\n",
       "      <td>0.871768</td>\n",
       "      <td>-10.494444</td>\n",
       "    </tr>\n",
       "    <tr>\n",
       "      <th>PITTSBURGH</th>\n",
       "      <td>-14.041141</td>\n",
       "      <td>2.689048</td>\n",
       "    </tr>\n",
       "    <tr>\n",
       "      <th>ST LOUIS</th>\n",
       "      <td>-10.742296</td>\n",
       "      <td>5.278547</td>\n",
       "    </tr>\n",
       "    <tr>\n",
       "      <th>SAN DIEGO</th>\n",
       "      <td>15.098476</td>\n",
       "      <td>11.315431</td>\n",
       "    </tr>\n",
       "    <tr>\n",
       "      <th>SAN FRANCISCO</th>\n",
       "      <td>4.210302</td>\n",
       "      <td>8.067854</td>\n",
       "    </tr>\n",
       "    <tr>\n",
       "      <th>SEATTLE</th>\n",
       "      <td>15.154330</td>\n",
       "      <td>7.844146</td>\n",
       "    </tr>\n",
       "    <tr>\n",
       "      <th>WASHINGTON DC</th>\n",
       "      <td>20.278140</td>\n",
       "      <td>-8.056339</td>\n",
       "    </tr>\n",
       "  </tbody>\n",
       "</table>\n",
       "</div>"
      ],
      "text/plain": [
       "                       0          1\n",
       "City                               \n",
       "ATLANTA        22.476271 -10.084571\n",
       "BALTIMORE      25.325818 -13.278372\n",
       "BOSTON         -5.810981 -11.389537\n",
       "BUFFALO       -14.139856   5.965021\n",
       "CHICAGO        -2.426889   2.477207\n",
       "CINCINNATI      2.165798  -6.663567\n",
       "CLEVELAND      -5.788540  10.243124\n",
       "DALLAS        -10.757365  12.621018\n",
       "DETROIT        -7.185310   3.994880\n",
       "HONALULU      -35.597059 -14.789443\n",
       "HOUSTON        -2.003468   8.403846\n",
       "KANSAS CITY     3.936386   2.643342\n",
       "LOS ANGELES    22.626969   3.138735\n",
       "MILWAUKEE      -8.737376   6.066383\n",
       "MINNEAPOLIS    -2.973768   4.417981\n",
       "NEW YORK      -11.940210 -20.410290\n",
       "PHILADELPHIA    0.871768 -10.494444\n",
       "PITTSBURGH    -14.041141   2.689048\n",
       "ST LOUIS      -10.742296   5.278547\n",
       "SAN DIEGO      15.098476  11.315431\n",
       "SAN FRANCISCO   4.210302   8.067854\n",
       "SEATTLE        15.154330   7.844146\n",
       "WASHINGTON DC  20.278140  -8.056339"
      ]
     },
     "execution_count": 33,
     "metadata": {},
     "output_type": "execute_result"
    }
   ],
   "source": [
    "data.dot(pca_2)"
   ]
  },
  {
   "cell_type": "markdown",
   "metadata": {},
   "source": [
    "## Summary\n",
    "\n",
    "Well done! You've now coded PCA on your own using NumPy! With that, it's time to look at further applications of PCA."
   ]
  }
 ],
 "metadata": {
  "kernelspec": {
   "display_name": "Python 3",
   "language": "python",
   "name": "python3"
  },
  "language_info": {
   "codemirror_mode": {
    "name": "ipython",
    "version": 3
   },
   "file_extension": ".py",
   "mimetype": "text/x-python",
   "name": "python",
   "nbconvert_exporter": "python",
   "pygments_lexer": "ipython3",
   "version": "3.8.5"
  }
 },
 "nbformat": 4,
 "nbformat_minor": 2
}
